0.0 149.79196166992188 484.49493408203125
32.0 146.79612731933594 473.7486572265625
49.0 145.6636199951172 468.97076416015625
65.0 144.27001953125 461.3353271484375
82.0 143.80027770996094 451.0498046875
99.0 144.14300537109375 436.071044921875
115.0 146.2388153076172 416.01318359375
132.0 149.04090881347656 393.582763671875
149.0 152.4097442626953 374.01458740234375
165.0 156.35716247558594 357.29705810546875
182.0 161.18435668945313 338.6800842285156
199.0 167.45538330078125 319.2977294921875
232.0 183.9849090576172 282.1720886230469
249.0 191.32815551757813 268.3947448730469
265.0 198.0506134033203 257.68359375
299.0 210.67550659179688 241.99285888671875
315.0 221.00157165527344 234.99703979492188
349.0 240.9712371826172 224.70962524414063
365.0 250.77822875976563 221.23587036132813
399.0 272.9469299316406 220.78244018554688
415.0 284.13201904296875 224.52053833007813
449.0 301.9862976074219 240.55978393554688
465.0 311.5036315917969 255.27902221679688
499.0 328.9991760253906 288.4696960449219
515.0 337.106689453125 309.98590087890625
549.0 350.06011962890625 357.77923583984375
565.0 355.1330261230469 379.7080078125
599.0 360.49932861328125 428.11968994140625
615.0 359.77239990234375 456.80279541015625
649.0 354.9499206542969 515.88916015625
682.0 346.5408630371094 577.2671508789063
699.0 341.5849304199219 600.9017333984375
732.0 328.90716552734375 651.3270874023438
749.0 320.9730224609375 674.2298583984375
782.0 306.6609802246094 704.1495361328125
799.0 302.1971435546875 712.827392578125
832.0 295.7355651855469 719.2384033203125
865.0 288.672607421875 712.9267578125
882.0 283.211669921875 700.877685546875
915.0 275.7632141113281 666.3762817382813
949.0 273.6199645996094 608.3483276367188
965.0 274.89154052734375 580.6865844726563
999.0 283.34796142578125 515.1512451171875
1032.0 298.0116882324219 457.50164794921875
1065.0 315.86419677734375 394.0054931640625
1082.0 324.24298095703125 367.50634765625
1115.0 347.12310791015625 313.2165222167969
1149.0 366.70147705078125 269.2415466308594
1165.0 374.1720275878906 253.353759765625
1182.0 382.5404052734375 241.2679443359375
1199.0 391.65167236328125 231.49697875976563
1215.0 401.42987060546875 222.99392700195313
1249.0 422.94879150390625 211.88180541992188
1265.0 436.46875 209.36819458007813
1299.0 459.4681091308594 209.02621459960938
1332.0 477.9557800292969 217.48617553710938
1365.0 499.28759765625 237.16448974609375
1382.0 510.1553955078125 253.54721069335938
1415.0 525.03369140625 291.93408203125
1449.0 531.0223388671875 339.5252380371094
1465.0 531.1156616210938 361.79156494140625
1482.0 529.1582641601563 383.42828369140625
1515.0 522.2632446289063 442.61895751953125
1532.0 518.0663452148438 474.001953125
1549.0 513.878173828125 504.60809326171875
1582.0 505.46624755859375 569.1948852539063
1615.0 500.5531921386719 624.4175415039063
1632.0 499.3065185546875 652.2376708984375
1665.0 502.20703125 697.7554931640625
1682.0 508.4186096191406 711.5046997070313
1715.0 527.3685302734375 733.4014282226563
1732.0 544.4241333007813 745.70947265625
1749.0 563.580322265625 756.9181518554688
1773.0 596.1719970703125 770.2716674804688